24 29 27 27 27 27 27 27 30 24 00 00 00 00 00 00 00 00 00 00 
24 25 -1 -1 -1 -1 -1 -1 23 24 24 24 24 24 24 24 24 24 24 24 
24 25 -1 -1 -1 -1 -1 -1 23 24 29 27 27 27 27 27 27 27 30 24 
24 25 -1 -1 -1 -1 -1 -1 23 24 25 40 40 40 40 40 40 40 23 24 
24 31 07 07 05 -1 -1 -1 23 24 25 -1 -1 -1 -1 -1 -1 -1 23 24 
24 24 24 24 25 -1 -1 -1 13 30 25 -1 -1 16 -1 -1 -1 -1 23 24 
00 00 00 24 25 -1 -1 -1 41 23 25 -1 -1 -1 -1 -1 -1 -1 23 24 
00 00 00 24 25 -1 -1 -1 41 23 25 -1 -1 -1 -1 -1 -1 -1 23 24 
00 00 24 24 25 -1 -1 -1 08 32 25 -1 -1 -1 04 07 07 38 32 24 
00 00 24 29 28 -1 -1 -1 13 27 28 -1 -1 -1 13 30 24 24 24 24 
00 00 24 25 43 -1 -1 -1 -1 -1 -1 -1 -1 -1 41 23 24 00 00 00 
00 00 24 25 43 -1 -1 -1 -1 -1 -1 -1 -1 -1 41 23 24 00 00 00 
00 00 24 25 43 -1 -1 -1 -1 -1 -1 -1 -1 -1 41 23 24 00 00 00 
00 00 24 31 07 07 07 07 07 07 07 07 07 07 07 32 24 00 00 00 
00 00 24 24 24 24 24 24 24 24 24 24 24 24 24 24 24 00 00 00 
60 90
510 210
120 60 180 300
210 120 210 210 300 360